   0     0.0    31.9    43.6    24.5
   1     0.0    32.1    43.8    24.1
   2     0.0    33.2    41.1    25.6
   3     0.0    32.4    41.4    26.1
   4     0.0    32.7    40.4    26.9
   5     0.0    33.9    39.7    26.4
   6     4.9    28.4    39.5    27.2
   7     4.8    27.9    42.4    24.9
   8     4.8    22.9    42.4    29.9
   9     4.7    22.4    42.3    30.6
  10     4.5    22.4    42.0    31.1
  11     4.4    23.1    42.8    29.8
  12     4.2    27.1    40.2    28.6
  13     4.0    31.2    35.7    29.1
  14     3.9    34.3    33.4    28.4
  15     3.8    34.2    32.7    29.3
  16     3.7    32.8    35.0    28.5
  17     3.6    31.6    36.5    28.3
  18     3.4    30.5    38.2    27.9
  19     3.3    31.2    38.8    26.7
  20     3.2    32.1    38.9    25.8
  21     3.1    33.9    39.7    23.4
  22     3.0    34.0    41.8    21.3
  23     2.9    32.8    43.9    20.4
  24     2.8    31.8    44.8    20.6
  25     2.7    31.6    44.6    21.1
  26     2.6    30.9    44.3    22.2
  27     2.6    28.6    44.8    24.1
  28     2.5    27.3    44.6    25.6
  29     2.4    26.1    44.5    26.9
  30     2.4    23.9    45.7    28.0
