   0     0.0    35.2    42.4    22.4
   1     0.0    37.4    41.3    21.2
   2     0.0    37.7    41.7    20.6
   3     0.0    36.2    41.3    22.5
   4     0.0    36.0    41.4    22.6
   5     0.0    35.9    40.9    23.2
   6     7.3    29.1    41.1    22.5
   7     7.0    30.8    38.5    23.6
   8     6.8    32.7    37.1    23.4
   9     6.5    33.9    36.0    23.5
  10     6.3    35.6    35.1    23.0
  11     6.0    37.0    34.4    22.5
  12     5.8    39.1    33.1    22.0
  13     5.6    38.6    34.4    21.4
  14     5.4    38.0    34.7    21.9
  15     5.2    38.7    35.8    20.3
  16     5.0    37.8    37.5    19.7
  17     4.8    36.6    39.9    18.6
  18     4.7    36.3    40.9    18.2
  19     4.5    36.6    41.4    17.5
  20     4.4    35.1    42.6    17.9
  21     4.3    34.1    42.0    19.7
  22     4.1    33.2    42.1    20.6
  23     4.0    32.0    42.5    21.5
  24     3.9    31.5    41.7    22.9
  25     3.8    30.9    41.0    24.4
  26     3.6    32.7    39.0    24.6
  27     3.5    34.3    37.9    24.3
  28     3.4    36.0    36.4    24.2
  29     3.2    36.6    36.8    23.4
