   0     0.0    35.2    41.8    23.0
   1     0.0    38.0    40.7    21.3
   2     0.0    37.9    41.3    20.9
   3     0.0    37.6    40.5    21.9
   4     0.0    37.1    40.7    22.2
   5     0.0    36.5    40.8    22.7
   6     7.2    30.3    39.7    22.7
   7     7.0    30.7    38.9    23.4
   8     6.7    31.9    38.7    22.7
   9     6.5    33.5    37.3    22.6
  10     6.3    35.5    35.3    22.8
  11     6.0    36.8    35.0    22.2
  12     5.8    38.0    34.4    21.8
  13     5.6    38.4    34.2    21.9
  14     5.4    37.7    35.3    21.6
  15     5.2    38.4    35.5    21.0
  16     5.0    37.5    36.7    20.8
  17     4.8    36.8    38.9    19.5
  18     4.7    36.6    40.3    18.5
  19     4.5    37.1    40.2    18.1
  20     4.4    36.1    41.2    18.3
  21     4.2    35.0    41.8    19.0
  22     4.1    33.4    42.0    20.5
  23     4.0    32.7    42.1    21.2
  24     3.9    31.9    41.9    22.3
  25     3.7    32.4    40.7    23.1
  26     3.6    32.5    40.0    23.8
  27     3.5    32.8    39.6    24.1
  28     3.4    35.0    37.8    23.9
  29     3.2    36.2    36.7    23.8
  30     3.1    37.4    35.8    23.7
