   0     0.0    34.3    43.0    22.7
   1     0.0    34.7    43.6    21.7
   2     0.0    35.6    42.1    22.4
   3     0.0    35.5    40.5    24.0
   4     0.0    35.9    40.4    23.8
   5     0.0    36.4    39.1    24.4
   6    23.5    12.9    38.9    24.7
   7    22.8    16.6    38.8    21.8
   8    22.8    14.1    36.2    26.9
   9    22.4    15.4    32.2    30.0
  10    21.6    20.0    29.9    28.5
  11    20.8    24.6    26.5    28.1
  12    19.9    28.5    24.6    27.0
  13    19.2    31.8    22.3    26.7
  14    18.7    34.0    20.1    27.2
  15    18.3    35.1    19.7    27.0
  16    17.5    36.1    23.1    23.3
  17    16.9    35.1    27.3    20.7
  18    16.3    34.0    31.3    18.3
  19    15.7    34.9    33.4    15.9
  20    15.2    36.4    34.4    14.0
  21    14.7    36.7    37.0    11.6
  22    14.4    34.1    40.3    11.2
  23    14.1    30.8    42.9    12.1
  24    13.9    27.3    45.9    12.9
  25    13.6    24.9    46.0    15.5
  26    13.4    20.7    47.8    18.1
  27    13.3    18.2    46.2    22.3
  28    13.1    17.5    44.6    24.8
  29    12.8    18.3    42.5    26.4
  30    12.5    19.0    40.6    27.9
