   0     0.0    31.9    43.6    24.5
   1     0.0    32.1    43.8    24.1
   2     0.0    33.2    41.1    25.6
   3     0.0    32.4    41.4    26.1
   4     0.0    32.7    40.4    26.9
   5     0.0    33.9    39.7    26.4
   6    31.3     2.0    39.5    27.2
   7    30.4     6.6    38.1    24.9
   8    30.4     6.2    33.4    29.9
   9    29.7    10.6    29.1    30.6
  10    28.8    15.8    24.2    31.1
  11    27.7    22.1    20.4    29.8
  12    26.6    27.1    17.8    28.6
  13    25.6    31.2    14.1    29.1
  14    24.7    34.3    12.8    28.1
  15    24.1    33.9    14.2    27.8
  16    23.4    32.8    19.0    24.9
  17    22.5    31.6    24.9    21.0
  18    21.8    30.5    30.6    17.2
  19    21.0    31.2    34.3    13.6
  20    20.3    32.0    37.0    10.7
  21    19.5    33.2    39.3     7.9
  22    19.1    31.8    42.2     6.9
  23    18.8    28.3    45.0     8.0
  24    18.7    22.5    47.2    11.6
  25    18.6    17.2    48.4    15.8
  26    18.5    12.5    48.5    20.5
  27    18.3     9.0    48.2    24.5
  28    18.1     7.6    45.9    28.4
  29    17.8     9.5    42.0    30.6
