   0     0.0    31.9    43.6    24.5
   1     0.0    32.1    43.8    24.1
   2     0.0    33.2    41.1    25.6
   3     0.0    32.4    41.4    26.1
   4     0.0    32.7    40.4    26.9
   5     0.0    33.9    39.7    26.4
   6     5.0    28.3    39.5    27.2
   7     4.9    27.9    42.3    24.9
   8     4.9    22.9    42.3    29.9
   9     4.8    22.4    42.2    30.6
  10     4.6    22.4    41.9    31.1
  11     4.4    23.1    42.7    29.8
  12     4.3    27.1    40.1    28.6
  13     4.1    31.2    35.6    29.1
  14     4.0    34.3    33.4    28.4
  15     3.9    33.9    32.9    29.3
  16     3.7    32.8    34.9    28.5
  17     3.6    31.6    36.5    28.2
  18     3.5    30.5    38.2    27.9
  19     3.4    31.2    38.8    26.7
  20     3.2    32.1    38.6    26.0
  21     3.1    33.9    39.5    23.5
  22     3.0    34.9    41.5    20.6
  23     2.9    34.0    43.4    19.7
  24     2.8    32.9    44.2    20.1
  25     2.7    34.2    43.7    19.5
  26     2.6    31.9    43.3    22.2
  27     2.6    29.7    44.0    23.7
  28     2.5    27.4    44.3    25.8
  29     2.5    26.0    45.0    26.6
  30     2.4    24.9    44.6    28.1
