   0     0.0    34.3    43.0    22.7
   1     0.0    34.7    43.6    21.7
   2     0.0    35.6    42.1    22.4
   3     0.0    35.5    40.5    24.0
   4     0.0    35.9    40.4    23.8
   5     0.0    36.4    39.1    24.4
   6    27.0     9.4    38.9    24.7
   7    26.3    13.5    38.4    21.8
   8    26.3    11.6    35.2    26.9
   9    25.8    13.3    30.9    30.0
  10    24.9    18.5    28.9    27.8
  11    23.9    23.9    24.1    28.1
  12    22.9    28.4    21.7    27.0
  13    22.1    31.8    19.4    26.7
  14    21.6    34.1    17.2    27.2
  15    21.0    35.0    16.9    27.1
  16    20.2    36.1    20.7    23.1
  17    19.6    33.9    25.7    20.8
  18    18.8    33.8    30.0    17.4
  19    18.1    34.9    32.6    14.5
  20    17.5    36.4    33.9    12.2
  21    16.9    36.9    36.5     9.7
  22    16.6    34.2    39.9     9.3
  23    16.4    30.6    42.7    10.3
  24    16.2    26.3    45.9    11.6
  25    15.9    22.4    46.5    15.2
  26    15.7    17.9    48.4    17.9
  27    15.5    15.3    46.9    22.2
  28    15.3    14.3    45.1    25.2
  29    15.0    15.8    42.5    26.7
